0 500 200 150 1090
0 70 180 70 20
0 370 1040 30 20
0 450 1090 60 30
0 240 40 40 80
0 290 190 41 30
0 1490 330 500 610
0 250 1220 90 40
0 0 170 70 20
0 260 1260 260 30
0 260 1090 60 30
0 270 1240 230 20
0 440 950 110 20
0 350 1140 70 20
0 250 970 41 60
0 340 820 41 20
0 450 820 60 20
0 420 756 30 20
0 370 550 30 10
0 240 950 110 30
0 110 240 160 1050
0 0 -10 20 190
0 480 600 40 130
0 320 570 40 90
0 450 320 70 20
0 270 490 20 30
0 270 680 120 20
0 260 360 80 20
0 480 430 40 130
0 440 640 40 30
0 440 470 40 30
0 340 450 30 20
0 400 390 30 20
0 270 200 100 10
0 350 260 70 20
0 150 150 30 20
0 20 0 1240 50
1 160 100
1 340 110
1 453 278
1 340 410
1 483 118
1 710 130
1 600 110
1 280 1160
1 460 1160
1 450 1030
1 340 760
1 440 590
0 1090 50 30 60
0 440 190 150 10
0 470 170 70 20
0 720 200 110 30
0 650 220 170 20
0 710 220 100 80
0 690 290 110 100
0 680 390 100 90
0 400 200 250 10
0 710 580 100 90
0 770 650 110 50
0 710 620 120 60
0 820 660 110 70
0 900 670 400 600
0 880 570 130 16
0 1870 1050 30 10
0 750 490 110 20
0 880 420 70 30
0 960 380 80 20
0 800 160 130 16
0 880 120 120 20
0 690 480 110 110
0 870 180 50 120
0 890 300 20 60
0 920 300 30 20
0 840 140 100 20
0 1000 510 20 40
0 970 200 230 40
0 1140 190 130 20
0 1300 100 680 20
0 980 160 90 20
0 960 550 110 30
0 980 140 50 30
0 1020 410 160 140
0 1000 400 20 40
0 1020 240 160 140
0 130 170 160 70
0 270 540 100 70
0 270 520 60 20
0 440 1220 90 40
0 130 170 160 70
0 960 550 110 30
1 900 610
1 830 330
1 920 520
1 920 70
0 900 580 110 16
0 1200 170 60 20
0 1260 0 40 610
0 950 600 350 16
0 1300 1120 670 16
0 1970 940 20 900
0 1450 670 30 10
0 1620 1050 50 10
0 1750 1050 50 10
0 1300 1066 110 50
0 1440 1060 20 60
0 1570 1060 20 60
0 1700 1060 10 60
0 1830 1060 10 60
0 1320 960 50 10
0 1400 890 20 10
0 1350 840 40 10
0 1390 790 30 10
0 1340 740 30 10
0 1420 730 30 10
0 1320 690 30 10
0 1460 300 530 30
0 1420 480 30 10
0 1310 440 30 10
0 1340 490 30 10
0 1390 530 30 10
0 1350 590 40 10
0 1400 640 20 10
0 1450 420 30 10
0 1380 380 30 10
0 1360 120 40 20
0 1300 300 60 30
0 1420 320 30 10
0 1350 270 50 10
0 1480 260 50 10
0 1570 230 50 10
0 1660 250 50 10
0 1880 210 50 10
0 1820 250 40 10
0 1730 230 40 10
0 1430 240 30 10
0 1370 200 30 10
0 2060 240 40 1670
0 1300 160 30 140
0 1290 120 70 50
0 1950 240 40 60
0 1950 80 150 60
0 1980 1900 120 20
0 1920 1060 20 60
0 1390 1020 50 10
0 1490 1050 50 10
2 1330 280 30 20
2 1460 288 490 20
1 1110 630
1 1180 100
3 280 660 30 20
3 1870 1010 30 40
4 380 1220 20 20
5 1060 1810
5 1630 940
5 1630 940
5 1760 940
5 1500 940
5 1430 120
5 1580 120
5 1740 120
5 1890 120
5 830 510
5 300 50
5 550 50
0 390 880 41 20
0 250 850 40 20
0 250 940 40 20
0 2090 130 10 110
0 580 1910 120 20
0 705 1790 1240 16
0 710 1936 1240 20
0 1950 1790 40 50
0 700 1910 60 50
0 920 1920 30 20
0 410 1630 30 40
0 190 1760 40 20
0 210 1770 30 20
0 240 1780 50 20
0 290 1800 50 20
0 340 1810 50 20
0 380 1830 40 20
0 420 1850 60 20
0 460 1870 60 20
0 520 1870 50 20
0 540 1890 50 20
0 650 1800 80 40
0 680 1770 80 40
0 690 1710 80 60
0 670 1660 80 50
0 0 1490 30 510
0 540 1600 30 40
2 0 1970 430 28
0 620 1630 80 50
5 1830 1810
5 1760 940
5 1670 1810
5 1490 1810
5 1260 1810
1 350 1770
1 610 1860
1 440 1790
3 650 1760 30 30
0 1910 1900 70 60
0 1730 1920 20 20
0 1630 1920 20 20
0 1360 1920 20 20
0 1180 1920 30 20
1 970 1890
1 790 1880
2 0 1970 430 28
6 180 1680 80 60
